MATRIX_ELEMENTS=Al,Cu,Mg,Vac
MATRIX_LATTICES=4.07,3.65,4.58,-1
NUM_REPEATS=1
SG=Random-108-Al-Cu-Mg_structures
DR=



##no vacancy
CONCENTRATIONS="
0.05263,0.04986,0.89751,0.00000
0.05263,0.09972,0.84765,0.00000
0.05263,0.14958,0.79778,0.00000
0.05263,0.19945,0.74792,0.00000
0.05263,0.24931,0.69806,0.00000
0.05263,0.29917,0.64820,0.00000
0.05263,0.34903,0.59834,0.00000
0.05263,0.39889,0.54848,0.00000
0.05263,0.44875,0.49861,0.00000
0.05263,0.49861,0.44875,0.00000
0.05263,0.54848,0.39889,0.00000
0.05263,0.59834,0.34903,0.00000
0.05263,0.64820,0.29917,0.00000
0.05263,0.69806,0.24931,0.00000
0.05263,0.74792,0.19945,0.00000
0.05263,0.79778,0.14958,0.00000
0.05263,0.84765,0.09972,0.00000
0.05263,0.89751,0.04986,0.00000
0.10526,0.04709,0.84765,0.00000
0.10526,0.09418,0.80055,0.00000
0.10526,0.14127,0.75346,0.00000
0.10526,0.18837,0.70637,0.00000
0.10526,0.23546,0.65928,0.00000
0.10526,0.28255,0.61219,0.00000
0.10526,0.32964,0.56510,0.00000
0.10526,0.37673,0.51801,0.00000
0.10526,0.42382,0.47091,0.00000
0.10526,0.47091,0.42382,0.00000
0.10526,0.51801,0.37673,0.00000
0.10526,0.56510,0.32964,0.00000
0.10526,0.61219,0.28255,0.00000
0.10526,0.65928,0.23546,0.00000
0.10526,0.70637,0.18837,0.00000
0.10526,0.75346,0.14127,0.00000
0.10526,0.80055,0.09418,0.00000
0.10526,0.84765,0.04709,0.00000
0.15789,0.04432,0.79778,0.00000
0.15789,0.08864,0.75346,0.00000
0.15789,0.13296,0.70914,0.00000
0.15789,0.17729,0.66482,0.00000
0.15789,0.22161,0.62050,0.00000
0.15789,0.26593,0.57618,0.00000
0.15789,0.31025,0.53186,0.00000
0.15789,0.35457,0.48753,0.00000
0.15789,0.39889,0.44321,0.00000
0.15789,0.44321,0.39889,0.00000
0.15789,0.48753,0.35457,0.00000
0.15789,0.53186,0.31025,0.00000
0.15789,0.57618,0.26593,0.00000
0.15789,0.62050,0.22161,0.00000
0.15789,0.66482,0.17729,0.00000
0.15789,0.70914,0.13296,0.00000
0.15789,0.75346,0.08864,0.00000
0.15789,0.79778,0.04432,0.00000
0.21053,0.04155,0.74792,0.00000
0.21053,0.08310,0.70637,0.00000
0.21053,0.12465,0.66482,0.00000
0.21053,0.16620,0.62327,0.00000
0.21053,0.20776,0.58172,0.00000
0.21053,0.24931,0.54017,0.00000
0.21053,0.29086,0.49861,0.00000
0.21053,0.33241,0.45706,0.00000
0.21053,0.37396,0.41551,0.00000
0.21053,0.41551,0.37396,0.00000
0.21053,0.45706,0.33241,0.00000
0.21053,0.49861,0.29086,0.00000
0.21053,0.54017,0.24931,0.00000
0.21053,0.58172,0.20776,0.00000
0.21053,0.62327,0.16620,0.00000
0.21053,0.66482,0.12465,0.00000
0.21053,0.70637,0.08310,0.00000
0.21053,0.74792,0.04155,0.00000
0.26316,0.03878,0.69806,0.00000
0.26316,0.07756,0.65928,0.00000
0.26316,0.11634,0.62050,0.00000
0.26316,0.15512,0.58172,0.00000
0.26316,0.19391,0.54294,0.00000
0.26316,0.23269,0.50416,0.00000
0.26316,0.27147,0.46537,0.00000
0.26316,0.31025,0.42659,0.00000
0.26316,0.34903,0.38781,0.00000
0.26316,0.38781,0.34903,0.00000
0.26316,0.42659,0.31025,0.00000
0.26316,0.46537,0.27147,0.00000
0.26316,0.50416,0.23269,0.00000
0.26316,0.54294,0.19391,0.00000
0.26316,0.58172,0.15512,0.00000
0.26316,0.62050,0.11634,0.00000
0.26316,0.65928,0.07756,0.00000
0.26316,0.69806,0.03878,0.00000
0.31579,0.03601,0.64820,0.00000
0.31579,0.07202,0.61219,0.00000
0.31579,0.10803,0.57618,0.00000
0.31579,0.14404,0.54017,0.00000
0.31579,0.18006,0.50416,0.00000
0.31579,0.21607,0.46814,0.00000
0.31579,0.25208,0.43213,0.00000
0.31579,0.28809,0.39612,0.00000
0.31579,0.32410,0.36011,0.00000
0.31579,0.36011,0.32410,0.00000
0.31579,0.39612,0.28809,0.00000
0.31579,0.43213,0.25208,0.00000
0.31579,0.46814,0.21607,0.00000
0.31579,0.50416,0.18006,0.00000
0.31579,0.54017,0.14404,0.00000
0.31579,0.57618,0.10803,0.00000
0.31579,0.61219,0.07202,0.00000
0.31579,0.64820,0.03601,0.00000
0.36842,0.03324,0.59834,0.00000
0.36842,0.06648,0.56510,0.00000
0.36842,0.09972,0.53186,0.00000
0.36842,0.13296,0.49861,0.00000
0.36842,0.16620,0.46537,0.00000
0.36842,0.19945,0.43213,0.00000
0.36842,0.23269,0.39889,0.00000
0.36842,0.26593,0.36565,0.00000
0.36842,0.29917,0.33241,0.00000
0.36842,0.33241,0.29917,0.00000
0.36842,0.36565,0.26593,0.00000
0.36842,0.39889,0.23269,0.00000
0.36842,0.43213,0.19945,0.00000
0.36842,0.46537,0.16620,0.00000
0.36842,0.49861,0.13296,0.00000
0.36842,0.53186,0.09972,0.00000
0.36842,0.56510,0.06648,0.00000
0.36842,0.59834,0.03324,0.00000
0.42105,0.03047,0.54848,0.00000
0.42105,0.06094,0.51801,0.00000
0.42105,0.09141,0.48753,0.00000
0.42105,0.12188,0.45706,0.00000
0.42105,0.15235,0.42659,0.00000
0.42105,0.18283,0.39612,0.00000
0.42105,0.21330,0.36565,0.00000
0.42105,0.24377,0.33518,0.00000
0.42105,0.27424,0.30471,0.00000
0.42105,0.30471,0.27424,0.00000
0.42105,0.33518,0.24377,0.00000
0.42105,0.36565,0.21330,0.00000
0.42105,0.39612,0.18283,0.00000
0.42105,0.42659,0.15235,0.00000
0.42105,0.45706,0.12188,0.00000
0.42105,0.48753,0.09141,0.00000
0.42105,0.51801,0.06094,0.00000
0.42105,0.54848,0.03047,0.00000
0.47368,0.02770,0.49861,0.00000
0.47368,0.05540,0.47091,0.00000
0.47368,0.08310,0.44321,0.00000
0.47368,0.11080,0.41551,0.00000
0.47368,0.13850,0.38781,0.00000
0.47368,0.16620,0.36011,0.00000
0.47368,0.19391,0.33241,0.00000
0.47368,0.22161,0.30471,0.00000
0.47368,0.24931,0.27701,0.00000
0.47368,0.27701,0.24931,0.00000
0.47368,0.30471,0.22161,0.00000
0.47368,0.33241,0.19391,0.00000
0.47368,0.36011,0.16620,0.00000
0.47368,0.38781,0.13850,0.00000
0.47368,0.41551,0.11080,0.00000
0.47368,0.44321,0.08310,0.00000
0.47368,0.47091,0.05540,0.00000
0.47368,0.49861,0.02770,0.00000
0.52632,0.02493,0.44875,0.00000
0.52632,0.04986,0.42382,0.00000
0.52632,0.07479,0.39889,0.00000
0.52632,0.09972,0.37396,0.00000
0.52632,0.12465,0.34903,0.00000
0.52632,0.14958,0.32410,0.00000
0.52632,0.17452,0.29917,0.00000
0.52632,0.19945,0.27424,0.00000
0.52632,0.22438,0.24931,0.00000
0.52632,0.24931,0.22438,0.00000
0.52632,0.27424,0.19945,0.00000
0.52632,0.29917,0.17452,0.00000
0.52632,0.32410,0.14958,0.00000
0.52632,0.34903,0.12465,0.00000
0.52632,0.37396,0.09972,0.00000
0.52632,0.39889,0.07479,0.00000
0.52632,0.42382,0.04986,0.00000
0.52632,0.44875,0.02493,0.00000
0.57895,0.02216,0.39889,0.00000
0.57895,0.04432,0.37673,0.00000
0.57895,0.06648,0.35457,0.00000
0.57895,0.08864,0.33241,0.00000
0.57895,0.11080,0.31025,0.00000
0.57895,0.13296,0.28809,0.00000
0.57895,0.15512,0.26593,0.00000
0.57895,0.17729,0.24377,0.00000
0.57895,0.19945,0.22161,0.00000
0.57895,0.22161,0.19945,0.00000
0.57895,0.24377,0.17729,0.00000
0.57895,0.26593,0.15512,0.00000
0.57895,0.28809,0.13296,0.00000
0.57895,0.31025,0.11080,0.00000
0.57895,0.33241,0.08864,0.00000
0.57895,0.35457,0.06648,0.00000
0.57895,0.37673,0.04432,0.00000
0.57895,0.39889,0.02216,0.00000
0.63158,0.01939,0.34903,0.00000
0.63158,0.03878,0.32964,0.00000
0.63158,0.05817,0.31025,0.00000
0.63158,0.07756,0.29086,0.00000
0.63158,0.09695,0.27147,0.00000
0.63158,0.11634,0.25208,0.00000
0.63158,0.13573,0.23269,0.00000
0.63158,0.15512,0.21330,0.00000
0.63158,0.17452,0.19391,0.00000
0.63158,0.19391,0.17452,0.00000
0.63158,0.21330,0.15512,0.00000
0.63158,0.23269,0.13573,0.00000
0.63158,0.25208,0.11634,0.00000
0.63158,0.27147,0.09695,0.00000
0.63158,0.29086,0.07756,0.00000
0.63158,0.31025,0.05817,0.00000
0.63158,0.32964,0.03878,0.00000
0.63158,0.34903,0.01939,0.00000
0.68421,0.01662,0.29917,0.00000
0.68421,0.03324,0.28255,0.00000
0.68421,0.04986,0.26593,0.00000
0.68421,0.06648,0.24931,0.00000
0.68421,0.08310,0.23269,0.00000
0.68421,0.09972,0.21607,0.00000
0.68421,0.11634,0.19945,0.00000
0.68421,0.13296,0.18283,0.00000
0.68421,0.14958,0.16620,0.00000
0.68421,0.16620,0.14958,0.00000
0.68421,0.18283,0.13296,0.00000
0.68421,0.19945,0.11634,0.00000
0.68421,0.21607,0.09972,0.00000
0.68421,0.23269,0.08310,0.00000
0.68421,0.24931,0.06648,0.00000
0.68421,0.26593,0.04986,0.00000
0.68421,0.28255,0.03324,0.00000
0.68421,0.29917,0.01662,0.00000
0.73684,0.01385,0.24931,0.00000
0.73684,0.02770,0.23546,0.00000
0.73684,0.04155,0.22161,0.00000
0.73684,0.05540,0.20776,0.00000
0.73684,0.06925,0.19391,0.00000
0.73684,0.08310,0.18006,0.00000
0.73684,0.09695,0.16620,0.00000
0.73684,0.11080,0.15235,0.00000
0.73684,0.12465,0.13850,0.00000
0.73684,0.13850,0.12465,0.00000
0.73684,0.15235,0.11080,0.00000
0.73684,0.16620,0.09695,0.00000
0.73684,0.18006,0.08310,0.00000
0.73684,0.19391,0.06925,0.00000
0.73684,0.20776,0.05540,0.00000
0.73684,0.22161,0.04155,0.00000
0.73684,0.23546,0.02770,0.00000
0.73684,0.24931,0.01385,0.00000
0.78947,0.01108,0.19945,0.00000
0.78947,0.02216,0.18837,0.00000
0.78947,0.03324,0.17729,0.00000
0.78947,0.04432,0.16620,0.00000
0.78947,0.05540,0.15512,0.00000
0.78947,0.06648,0.14404,0.00000
0.78947,0.07756,0.13296,0.00000
0.78947,0.08864,0.12188,0.00000
0.78947,0.09972,0.11080,0.00000
0.78947,0.11080,0.09972,0.00000
0.78947,0.12188,0.08864,0.00000
0.78947,0.13296,0.07756,0.00000
0.78947,0.14404,0.06648,0.00000
0.78947,0.15512,0.05540,0.00000
0.78947,0.16620,0.04432,0.00000
0.78947,0.17729,0.03324,0.00000
0.78947,0.18837,0.02216,0.00000
0.78947,0.19945,0.01108,0.00000
0.84211,0.00831,0.14958,0.00000
0.84211,0.01662,0.14127,0.00000
0.84211,0.02493,0.13296,0.00000
0.84211,0.03324,0.12465,0.00000
0.84211,0.04155,0.11634,0.00000
0.84211,0.04986,0.10803,0.00000
0.84211,0.05817,0.09972,0.00000
0.84211,0.06648,0.09141,0.00000
0.84211,0.07479,0.08310,0.00000
0.84211,0.08310,0.07479,0.00000
0.84211,0.09141,0.06648,0.00000
0.84211,0.09972,0.05817,0.00000
0.84211,0.10803,0.04986,0.00000
0.84211,0.11634,0.04155,0.00000
0.84211,0.12465,0.03324,0.00000
0.84211,0.13296,0.02493,0.00000
0.84211,0.14127,0.01662,0.00000
0.84211,0.14958,0.00831,0.00000
0.89474,0.00554,0.09972,0.00000
0.89474,0.01108,0.09418,0.00000
0.89474,0.01662,0.08864,0.00000
0.89474,0.02216,0.08310,0.00000
0.89474,0.02770,0.07756,0.00000
0.89474,0.03324,0.07202,0.00000
0.89474,0.03878,0.06648,0.00000
0.89474,0.04432,0.06094,0.00000
0.89474,0.04986,0.05540,0.00000
0.89474,0.05540,0.04986,0.00000
0.89474,0.06094,0.04432,0.00000
0.89474,0.06648,0.03878,0.00000
0.89474,0.07202,0.03324,0.00000
0.89474,0.07756,0.02770,0.00000
0.89474,0.08310,0.02216,0.00000
0.89474,0.08864,0.01662,0.00000
0.89474,0.09418,0.01108,0.00000
0.89474,0.09972,0.00554,0.00000
0.94737,0.00277,0.04986,0.00000
0.94737,0.00554,0.04709,0.00000
0.94737,0.00831,0.04432,0.00000
0.94737,0.01108,0.04155,0.00000
0.94737,0.01385,0.03878,0.00000
0.94737,0.01662,0.03601,0.00000
0.94737,0.01939,0.03324,0.00000
0.94737,0.02216,0.03047,0.00000
0.94737,0.02493,0.02770,0.00000
0.94737,0.02770,0.02493,0.00000
0.94737,0.03047,0.02216,0.00000
0.94737,0.03324,0.01939,0.00000
0.94737,0.03601,0.01662,0.00000
0.94737,0.03878,0.01385,0.00000
0.94737,0.04155,0.01108,0.00000
0.94737,0.04432,0.00831,0.00000
0.94737,0.04709,0.00554,0.00000
0.94737,0.04986,0.00277,0.00000"
for CONC in $CONCENTRATIONS; do
  ../aiida_create_randomsupercell_structures.py -me $MATRIX_ELEMENTS -a $MATRIX_LATTICES -c $CONC -rdisp 0.15 -ns $NUM_REPEATS -spsh 3,3,3 -sg $SG $DR
  done

##5% vacancy
CONCENTRATIONS="
0.03596,0.03319,0.88084,0.05000
0.03596,0.08306,0.83098,0.05000
0.03596,0.13292,0.78112,0.05000
0.03596,0.18278,0.73126,0.05000
0.03596,0.23264,0.68139,0.05000
0.03596,0.28250,0.63153,0.05000
0.03596,0.33236,0.58167,0.05000
0.03596,0.38223,0.53181,0.05000
0.03596,0.43209,0.48195,0.05000
0.03596,0.48195,0.43209,0.05000
0.03596,0.53181,0.38223,0.05000
0.03596,0.58167,0.33236,0.05000
0.03596,0.63153,0.28250,0.05000
0.03596,0.68139,0.23264,0.05000
0.03596,0.73126,0.18278,0.05000
0.03596,0.78112,0.13292,0.05000
0.03596,0.83098,0.08306,0.05000
0.03596,0.88084,0.03319,0.05000
0.08860,0.03042,0.83098,0.05000
0.08860,0.07752,0.78389,0.05000
0.08860,0.12461,0.73680,0.05000
0.08860,0.17170,0.68970,0.05000
0.08860,0.21879,0.64261,0.05000
0.08860,0.26588,0.59552,0.05000
0.08860,0.31297,0.54843,0.05000
0.08860,0.36006,0.50134,0.05000
0.08860,0.40716,0.45425,0.05000
0.08860,0.45425,0.40716,0.05000
0.08860,0.50134,0.36006,0.05000
0.08860,0.54843,0.31297,0.05000
0.08860,0.59552,0.26588,0.05000
0.08860,0.64261,0.21879,0.05000
0.08860,0.68970,0.17170,0.05000
0.08860,0.73680,0.12461,0.05000
0.08860,0.78389,0.07752,0.05000
0.08860,0.83098,0.03042,0.05000
0.14123,0.02765,0.78112,0.05000
0.14123,0.07198,0.73680,0.05000
0.14123,0.11630,0.69247,0.05000
0.14123,0.16062,0.64815,0.05000
0.14123,0.20494,0.60383,0.05000
0.14123,0.24926,0.55951,0.05000
0.14123,0.29358,0.51519,0.05000
0.14123,0.33790,0.47087,0.05000
0.14123,0.38223,0.42655,0.05000
0.14123,0.42655,0.38223,0.05000
0.14123,0.47087,0.33790,0.05000
0.14123,0.51519,0.29358,0.05000
0.14123,0.55951,0.24926,0.05000
0.14123,0.60383,0.20494,0.05000
0.14123,0.64815,0.16062,0.05000
0.14123,0.69247,0.11630,0.05000
0.14123,0.73680,0.07198,0.05000
0.14123,0.78112,0.02765,0.05000
0.19386,0.02488,0.73126,0.05000
0.19386,0.06644,0.68970,0.05000
0.19386,0.10799,0.64815,0.05000
0.19386,0.14954,0.60660,0.05000
0.19386,0.19109,0.56505,0.05000
0.19386,0.23264,0.52350,0.05000
0.19386,0.27419,0.48195,0.05000
0.19386,0.31574,0.44040,0.05000
0.19386,0.35729,0.39885,0.05000
0.19386,0.39885,0.35729,0.05000
0.19386,0.44040,0.31574,0.05000
0.19386,0.48195,0.27419,0.05000
0.19386,0.52350,0.23264,0.05000
0.19386,0.56505,0.19109,0.05000
0.19386,0.60660,0.14954,0.05000
0.19386,0.64815,0.10799,0.05000
0.19386,0.68970,0.06644,0.05000
0.19386,0.73126,0.02488,0.05000
0.24649,0.02211,0.68139,0.05000
0.24649,0.06090,0.64261,0.05000
0.24649,0.09968,0.60383,0.05000
0.24649,0.13846,0.56505,0.05000
0.24649,0.17724,0.52627,0.05000
0.24649,0.21602,0.48749,0.05000
0.24649,0.25480,0.44871,0.05000
0.24649,0.29358,0.40993,0.05000
0.24649,0.33236,0.37114,0.05000
0.24649,0.37114,0.33236,0.05000
0.24649,0.40993,0.29358,0.05000
0.24649,0.44871,0.25480,0.05000
0.24649,0.48749,0.21602,0.05000
0.24649,0.52627,0.17724,0.05000
0.24649,0.56505,0.13846,0.05000
0.24649,0.60383,0.09968,0.05000
0.24649,0.64261,0.06090,0.05000
0.24649,0.68139,0.02211,0.05000
0.29912,0.01934,0.63153,0.05000
0.29912,0.05536,0.59552,0.05000
0.29912,0.09137,0.55951,0.05000
0.29912,0.12738,0.52350,0.05000
0.29912,0.16339,0.48749,0.05000
0.29912,0.19940,0.45148,0.05000
0.29912,0.23541,0.41547,0.05000
0.29912,0.27142,0.37946,0.05000
0.29912,0.30743,0.34344,0.05000
0.29912,0.34344,0.30743,0.05000
0.29912,0.37946,0.27142,0.05000
0.29912,0.41547,0.23541,0.05000
0.29912,0.45148,0.19940,0.05000
0.29912,0.48749,0.16339,0.05000
0.29912,0.52350,0.12738,0.05000
0.29912,0.55951,0.09137,0.05000
0.29912,0.59552,0.05536,0.05000
0.29912,0.63153,0.01934,0.05000
0.35175,0.01657,0.58167,0.05000
0.35175,0.04982,0.54843,0.05000
0.35175,0.08306,0.51519,0.05000
0.35175,0.11630,0.48195,0.05000
0.35175,0.14954,0.44871,0.05000
0.35175,0.18278,0.41547,0.05000
0.35175,0.21602,0.38223,0.05000
0.35175,0.24926,0.34898,0.05000
0.35175,0.28250,0.31574,0.05000
0.35175,0.31574,0.28250,0.05000
0.35175,0.34898,0.24926,0.05000
0.35175,0.38223,0.21602,0.05000
0.35175,0.41547,0.18278,0.05000
0.35175,0.44871,0.14954,0.05000
0.35175,0.48195,0.11630,0.05000
0.35175,0.51519,0.08306,0.05000
0.35175,0.54843,0.04982,0.05000
0.35175,0.58167,0.01657,0.05000
0.40439,0.01380,0.53181,0.05000
0.40439,0.04428,0.50134,0.05000
0.40439,0.07475,0.47087,0.05000
0.40439,0.10522,0.44040,0.05000
0.40439,0.13569,0.40993,0.05000
0.40439,0.16616,0.37946,0.05000
0.40439,0.19663,0.34898,0.05000
0.40439,0.22710,0.31851,0.05000
0.40439,0.25757,0.28804,0.05000
0.40439,0.28804,0.25757,0.05000
0.40439,0.31851,0.22710,0.05000
0.40439,0.34898,0.19663,0.05000
0.40439,0.37946,0.16616,0.05000
0.40439,0.40993,0.13569,0.05000
0.40439,0.44040,0.10522,0.05000
0.40439,0.47087,0.07475,0.05000
0.40439,0.50134,0.04428,0.05000
0.40439,0.53181,0.01380,0.05000
0.45702,0.01103,0.48195,0.05000
0.45702,0.03873,0.45425,0.05000
0.45702,0.06644,0.42655,0.05000
0.45702,0.09414,0.39885,0.05000
0.45702,0.12184,0.37114,0.05000
0.45702,0.14954,0.34344,0.05000
0.45702,0.17724,0.31574,0.05000
0.45702,0.20494,0.28804,0.05000
0.45702,0.23264,0.26034,0.05000
0.45702,0.26034,0.23264,0.05000
0.45702,0.28804,0.20494,0.05000
0.45702,0.31574,0.17724,0.05000
0.45702,0.34344,0.14954,0.05000
0.45702,0.37114,0.12184,0.05000
0.45702,0.39885,0.09414,0.05000
0.45702,0.42655,0.06644,0.05000
0.45702,0.45425,0.03873,0.05000
0.45702,0.48195,0.01103,0.05000
0.50965,0.00826,0.43209,0.05000
0.50965,0.03319,0.40716,0.05000
0.50965,0.05813,0.38223,0.05000
0.50965,0.08306,0.35729,0.05000
0.50965,0.10799,0.33236,0.05000
0.50965,0.13292,0.30743,0.05000
0.50965,0.15785,0.28250,0.05000
0.50965,0.18278,0.25757,0.05000
0.50965,0.20771,0.23264,0.05000
0.50965,0.23264,0.20771,0.05000
0.50965,0.25757,0.18278,0.05000
0.50965,0.28250,0.15785,0.05000
0.50965,0.30743,0.13292,0.05000
0.50965,0.33236,0.10799,0.05000
0.50965,0.35729,0.08306,0.05000
0.50965,0.38223,0.05813,0.05000
0.50965,0.40716,0.03319,0.05000
0.50965,0.43209,0.00826,0.05000
0.56228,0.00549,0.38223,0.05000
0.56228,0.02765,0.36006,0.05000
0.56228,0.04982,0.33790,0.05000
0.56228,0.07198,0.31574,0.05000
0.56228,0.09414,0.29358,0.05000
0.56228,0.11630,0.27142,0.05000
0.56228,0.13846,0.24926,0.05000
0.56228,0.16062,0.22710,0.05000
0.56228,0.18278,0.20494,0.05000
0.56228,0.20494,0.18278,0.05000
0.56228,0.22710,0.16062,0.05000
0.56228,0.24926,0.13846,0.05000
0.56228,0.27142,0.11630,0.05000
0.56228,0.29358,0.09414,0.05000
0.56228,0.31574,0.07198,0.05000
0.56228,0.33790,0.04982,0.05000
0.56228,0.36006,0.02765,0.05000
0.56228,0.38223,0.00549,0.05000
0.61491,0.00272,0.33236,0.05000
0.61491,0.02211,0.31297,0.05000
0.61491,0.04151,0.29358,0.05000
0.61491,0.06090,0.27419,0.05000
0.61491,0.08029,0.25480,0.05000
0.61491,0.09968,0.23541,0.05000
0.61491,0.11907,0.21602,0.05000
0.61491,0.13846,0.19663,0.05000
0.61491,0.15785,0.17724,0.05000
0.61491,0.17724,0.15785,0.05000
0.61491,0.19663,0.13846,0.05000
0.61491,0.21602,0.11907,0.05000
0.61491,0.23541,0.09968,0.05000
0.61491,0.25480,0.08029,0.05000
0.61491,0.27419,0.06090,0.05000
0.61491,0.29358,0.04151,0.05000
0.61491,0.31297,0.02211,0.05000
0.61491,0.33236,0.00272,0.05000
0.66754,0.01657,0.26588,0.05000
0.66754,0.03319,0.24926,0.05000
0.66754,0.04982,0.23264,0.05000
0.66754,0.06644,0.21602,0.05000
0.66754,0.08306,0.19940,0.05000
0.66754,0.09968,0.18278,0.05000
0.66754,0.11630,0.16616,0.05000
0.66754,0.13292,0.14954,0.05000
0.66754,0.14954,0.13292,0.05000
0.66754,0.16616,0.11630,0.05000
0.66754,0.18278,0.09968,0.05000
0.66754,0.19940,0.08306,0.05000
0.66754,0.21602,0.06644,0.05000
0.66754,0.23264,0.04982,0.05000
0.66754,0.24926,0.03319,0.05000
0.66754,0.26588,0.01657,0.05000
0.72018,0.01103,0.21879,0.05000
0.72018,0.02488,0.20494,0.05000
0.72018,0.03873,0.19109,0.05000
0.72018,0.05259,0.17724,0.05000
0.72018,0.06644,0.16339,0.05000
0.72018,0.08029,0.14954,0.05000
0.72018,0.09414,0.13569,0.05000
0.72018,0.10799,0.12184,0.05000
0.72018,0.12184,0.10799,0.05000
0.72018,0.13569,0.09414,0.05000
0.72018,0.14954,0.08029,0.05000
0.72018,0.16339,0.06644,0.05000
0.72018,0.17724,0.05259,0.05000
0.72018,0.19109,0.03873,0.05000
0.72018,0.20494,0.02488,0.05000
0.72018,0.21879,0.01103,0.05000
0.77281,0.00549,0.17170,0.05000
0.77281,0.01657,0.16062,0.05000
0.77281,0.02765,0.14954,0.05000
0.77281,0.03873,0.13846,0.05000
0.77281,0.04982,0.12738,0.05000
0.77281,0.06090,0.11630,0.05000
0.77281,0.07198,0.10522,0.05000
0.77281,0.08306,0.09414,0.05000
0.77281,0.09414,0.08306,0.05000
0.77281,0.10522,0.07198,0.05000
0.77281,0.11630,0.06090,0.05000
0.77281,0.12738,0.04982,0.05000
0.77281,0.13846,0.03873,0.05000
0.77281,0.14954,0.02765,0.05000
0.77281,0.16062,0.01657,0.05000
0.77281,0.17170,0.00549,0.05000
0.82544,0.00826,0.11630,0.05000
0.82544,0.01657,0.10799,0.05000
0.82544,0.02488,0.09968,0.05000
0.82544,0.03319,0.09137,0.05000
0.82544,0.04151,0.08306,0.05000
0.82544,0.04982,0.07475,0.05000
0.82544,0.05813,0.06644,0.05000
0.82544,0.06644,0.05813,0.05000
0.82544,0.07475,0.04982,0.05000
0.82544,0.08306,0.04151,0.05000
0.82544,0.09137,0.03319,0.05000
0.82544,0.09968,0.02488,0.05000
0.82544,0.10799,0.01657,0.05000
0.82544,0.11630,0.00826,0.05000
0.87807,0.00549,0.06644,0.05000
0.87807,0.01103,0.06090,0.05000
0.87807,0.01657,0.05536,0.05000
0.87807,0.02211,0.04982,0.05000
0.87807,0.02765,0.04428,0.05000
0.87807,0.03319,0.03873,0.05000
0.87807,0.03873,0.03319,0.05000
0.87807,0.04428,0.02765,0.05000
0.87807,0.04982,0.02211,0.05000
0.87807,0.05536,0.01657,0.05000
0.87807,0.06090,0.01103,0.05000
0.87807,0.06644,0.00549,0.05000
0.93070,0.00272,0.01657,0.05000
0.93070,0.00549,0.01380,0.05000
0.93070,0.00826,0.01103,0.05000
0.93070,0.01103,0.00826,0.05000
0.93070,0.01380,0.00549,0.05000
0.93070,0.01657,0.00272,0.05000"
for CONC in $CONCENTRATIONS; do
  ../aiida_create_randomsupercell_structures.py -me $MATRIX_ELEMENTS -a $MATRIX_LATTICES -c $CONC -rdisp 0.15 -ns $NUM_REPEATS -spsh 3,3,3 -sg $SG $DR
  done
##10% vacancy
CONCENTRATIONS="
0.01930,0.01653,0.86417,0.10000
0.01930,0.06639,0.81431,0.10000
0.01930,0.11625,0.76445,0.10000
0.01930,0.16611,0.71459,0.10000
0.01930,0.21597,0.66473,0.10000
0.01930,0.26584,0.61487,0.10000
0.01930,0.31570,0.56500,0.10000
0.01930,0.36556,0.51514,0.10000
0.01930,0.41542,0.46528,0.10000
0.01930,0.46528,0.41542,0.10000
0.01930,0.51514,0.36556,0.10000
0.01930,0.56500,0.31570,0.10000
0.01930,0.61487,0.26584,0.10000
0.01930,0.66473,0.21597,0.10000
0.01930,0.71459,0.16611,0.10000
0.01930,0.76445,0.11625,0.10000
0.01930,0.81431,0.06639,0.10000
0.01930,0.86417,0.01653,0.10000
0.07193,0.01376,0.81431,0.10000
0.07193,0.06085,0.76722,0.10000
0.07193,0.10794,0.72013,0.10000
0.07193,0.15503,0.67304,0.10000
0.07193,0.20212,0.62595,0.10000
0.07193,0.24922,0.57886,0.10000
0.07193,0.29631,0.53176,0.10000
0.07193,0.34340,0.48467,0.10000
0.07193,0.39049,0.43758,0.10000
0.07193,0.43758,0.39049,0.10000
0.07193,0.48467,0.34340,0.10000
0.07193,0.53176,0.29631,0.10000
0.07193,0.57886,0.24922,0.10000
0.07193,0.62595,0.20212,0.10000
0.07193,0.67304,0.15503,0.10000
0.07193,0.72013,0.10794,0.10000
0.07193,0.76722,0.06085,0.10000
0.07193,0.81431,0.01376,0.10000
0.12456,0.01099,0.76445,0.10000
0.12456,0.05531,0.72013,0.10000
0.12456,0.09963,0.67581,0.10000
0.12456,0.14395,0.63149,0.10000
0.12456,0.18827,0.58717,0.10000
0.12456,0.23259,0.54284,0.10000
0.12456,0.27692,0.49852,0.10000
0.12456,0.32124,0.45420,0.10000
0.12456,0.36556,0.40988,0.10000
0.12456,0.40988,0.36556,0.10000
0.12456,0.45420,0.32124,0.10000
0.12456,0.49852,0.27692,0.10000
0.12456,0.54284,0.23259,0.10000
0.12456,0.58717,0.18827,0.10000
0.12456,0.63149,0.14395,0.10000
0.12456,0.67581,0.09963,0.10000
0.12456,0.72013,0.05531,0.10000
0.12456,0.76445,0.01099,0.10000
0.17719,0.00822,0.71459,0.10000
0.17719,0.04977,0.67304,0.10000
0.17719,0.09132,0.63149,0.10000
0.17719,0.13287,0.58994,0.10000
0.17719,0.17442,0.54838,0.10000
0.17719,0.21597,0.50683,0.10000
0.17719,0.25753,0.46528,0.10000
0.17719,0.29908,0.42373,0.10000
0.17719,0.34063,0.38218,0.10000
0.17719,0.38218,0.34063,0.10000
0.17719,0.42373,0.29908,0.10000
0.17719,0.46528,0.25753,0.10000
0.17719,0.50683,0.21597,0.10000
0.17719,0.54838,0.17442,0.10000
0.17719,0.58994,0.13287,0.10000
0.17719,0.63149,0.09132,0.10000
0.17719,0.67304,0.04977,0.10000
0.17719,0.71459,0.00822,0.10000
0.22982,0.00545,0.66473,0.10000
0.22982,0.04423,0.62595,0.10000
0.22982,0.08301,0.58717,0.10000
0.22982,0.12179,0.54838,0.10000
0.22982,0.16057,0.50960,0.10000
0.22982,0.19935,0.47082,0.10000
0.22982,0.23813,0.43204,0.10000
0.22982,0.27692,0.39326,0.10000
0.22982,0.31570,0.35448,0.10000
0.22982,0.35448,0.31570,0.10000
0.22982,0.39326,0.27692,0.10000
0.22982,0.43204,0.23813,0.10000
0.22982,0.47082,0.19935,0.10000
0.22982,0.50960,0.16057,0.10000
0.22982,0.54838,0.12179,0.10000
0.22982,0.58717,0.08301,0.10000
0.22982,0.62595,0.04423,0.10000
0.22982,0.66473,0.00545,0.10000
0.28246,0.00268,0.61487,0.10000
0.28246,0.03869,0.57886,0.10000
0.28246,0.07470,0.54284,0.10000
0.28246,0.11071,0.50683,0.10000
0.28246,0.14672,0.47082,0.10000
0.28246,0.18273,0.43481,0.10000
0.28246,0.21874,0.39880,0.10000
0.28246,0.25476,0.36279,0.10000
0.28246,0.29077,0.32678,0.10000
0.28246,0.32678,0.29077,0.10000
0.28246,0.36279,0.25476,0.10000
0.28246,0.39880,0.21874,0.10000
0.28246,0.43481,0.18273,0.10000
0.28246,0.47082,0.14672,0.10000
0.28246,0.50683,0.11071,0.10000
0.28246,0.54284,0.07470,0.10000
0.28246,0.57886,0.03869,0.10000
0.28246,0.61487,0.00268,0.10000
0.33509,0.03315,0.53176,0.10000
0.33509,0.06639,0.49852,0.10000
0.33509,0.09963,0.46528,0.10000
0.33509,0.13287,0.43204,0.10000
0.33509,0.16611,0.39880,0.10000
0.33509,0.19935,0.36556,0.10000
0.33509,0.23259,0.33232,0.10000
0.33509,0.26584,0.29908,0.10000
0.33509,0.29908,0.26584,0.10000
0.33509,0.33232,0.23259,0.10000
0.33509,0.36556,0.19935,0.10000
0.33509,0.39880,0.16611,0.10000
0.33509,0.43204,0.13287,0.10000
0.33509,0.46528,0.09963,0.10000
0.33509,0.49852,0.06639,0.10000
0.33509,0.53176,0.03315,0.10000
0.38772,0.02761,0.48467,0.10000
0.38772,0.05808,0.45420,0.10000
0.38772,0.08855,0.42373,0.10000
0.38772,0.11902,0.39326,0.10000
0.38772,0.14949,0.36279,0.10000
0.38772,0.17996,0.33232,0.10000
0.38772,0.21043,0.30185,0.10000
0.38772,0.24090,0.27138,0.10000
0.38772,0.27138,0.24090,0.10000
0.38772,0.30185,0.21043,0.10000
0.38772,0.33232,0.17996,0.10000
0.38772,0.36279,0.14949,0.10000
0.38772,0.39326,0.11902,0.10000
0.38772,0.42373,0.08855,0.10000
0.38772,0.45420,0.05808,0.10000
0.38772,0.48467,0.02761,0.10000
0.44035,0.02207,0.43758,0.10000
0.44035,0.04977,0.40988,0.10000
0.44035,0.07747,0.38218,0.10000
0.44035,0.10517,0.35448,0.10000
0.44035,0.13287,0.32678,0.10000
0.44035,0.16057,0.29908,0.10000
0.44035,0.18827,0.27138,0.10000
0.44035,0.21597,0.24367,0.10000
0.44035,0.24367,0.21597,0.10000
0.44035,0.27138,0.18827,0.10000
0.44035,0.29908,0.16057,0.10000
0.44035,0.32678,0.13287,0.10000
0.44035,0.35448,0.10517,0.10000
0.44035,0.38218,0.07747,0.10000
0.44035,0.40988,0.04977,0.10000
0.44035,0.43758,0.02207,0.10000
0.49298,0.01653,0.39049,0.10000
0.49298,0.04146,0.36556,0.10000
0.49298,0.06639,0.34063,0.10000
0.49298,0.09132,0.31570,0.10000
0.49298,0.11625,0.29077,0.10000
0.49298,0.14118,0.26584,0.10000
0.49298,0.16611,0.24090,0.10000
0.49298,0.19104,0.21597,0.10000
0.49298,0.21597,0.19104,0.10000
0.49298,0.24090,0.16611,0.10000
0.49298,0.26584,0.14118,0.10000
0.49298,0.29077,0.11625,0.10000
0.49298,0.31570,0.09132,0.10000
0.49298,0.34063,0.06639,0.10000
0.49298,0.36556,0.04146,0.10000
0.49298,0.39049,0.01653,0.10000
0.54561,0.01099,0.34340,0.10000
0.54561,0.03315,0.32124,0.10000
0.54561,0.05531,0.29908,0.10000
0.54561,0.07747,0.27692,0.10000
0.54561,0.09963,0.25476,0.10000
0.54561,0.12179,0.23259,0.10000
0.54561,0.14395,0.21043,0.10000
0.54561,0.16611,0.18827,0.10000
0.54561,0.18827,0.16611,0.10000
0.54561,0.21043,0.14395,0.10000
0.54561,0.23259,0.12179,0.10000
0.54561,0.25476,0.09963,0.10000
0.54561,0.27692,0.07747,0.10000
0.54561,0.29908,0.05531,0.10000
0.54561,0.32124,0.03315,0.10000
0.54561,0.34340,0.01099,0.10000
0.59825,0.00545,0.29631,0.10000
0.59825,0.02484,0.27692,0.10000
0.59825,0.04423,0.25753,0.10000
0.59825,0.06362,0.23813,0.10000
0.59825,0.08301,0.21874,0.10000
0.59825,0.10240,0.19935,0.10000
0.59825,0.12179,0.17996,0.10000
0.59825,0.14118,0.16057,0.10000
0.59825,0.16057,0.14118,0.10000
0.59825,0.17996,0.12179,0.10000
0.59825,0.19935,0.10240,0.10000
0.59825,0.21874,0.08301,0.10000
0.59825,0.23813,0.06362,0.10000
0.59825,0.25753,0.04423,0.10000
0.59825,0.27692,0.02484,0.10000
0.59825,0.29631,0.00545,0.10000
0.65088,0.01653,0.23259,0.10000
0.65088,0.03315,0.21597,0.10000
0.65088,0.04977,0.19935,0.10000
0.65088,0.06639,0.18273,0.10000
0.65088,0.08301,0.16611,0.10000
0.65088,0.09963,0.14949,0.10000
0.65088,0.11625,0.13287,0.10000
0.65088,0.13287,0.11625,0.10000
0.65088,0.14949,0.09963,0.10000
0.65088,0.16611,0.08301,0.10000
0.65088,0.18273,0.06639,0.10000
0.65088,0.19935,0.04977,0.10000
0.65088,0.21597,0.03315,0.10000
0.65088,0.23259,0.01653,0.10000
0.70351,0.00822,0.18827,0.10000
0.70351,0.02207,0.17442,0.10000
0.70351,0.03592,0.16057,0.10000
0.70351,0.04977,0.14672,0.10000
0.70351,0.06362,0.13287,0.10000
0.70351,0.07747,0.11902,0.10000
0.70351,0.09132,0.10517,0.10000
0.70351,0.10517,0.09132,0.10000
0.70351,0.11902,0.07747,0.10000
0.70351,0.13287,0.06362,0.10000
0.70351,0.14672,0.04977,0.10000
0.70351,0.16057,0.03592,0.10000
0.70351,0.17442,0.02207,0.10000
0.70351,0.18827,0.00822,0.10000
0.75614,0.01099,0.13287,0.10000
0.75614,0.02207,0.12179,0.10000
0.75614,0.03315,0.11071,0.10000
0.75614,0.04423,0.09963,0.10000
0.75614,0.05531,0.08855,0.10000
0.75614,0.06639,0.07747,0.10000
0.75614,0.07747,0.06639,0.10000
0.75614,0.08855,0.05531,0.10000
0.75614,0.09963,0.04423,0.10000
0.75614,0.11071,0.03315,0.10000
0.75614,0.12179,0.02207,0.10000
0.75614,0.13287,0.01099,0.10000
0.80877,0.00822,0.08301,0.10000
0.80877,0.01653,0.07470,0.10000
0.80877,0.02484,0.06639,0.10000
0.80877,0.03315,0.05808,0.10000
0.80877,0.04146,0.04977,0.10000
0.80877,0.04977,0.04146,0.10000
0.80877,0.05808,0.03315,0.10000
0.80877,0.06639,0.02484,0.10000
0.80877,0.07470,0.01653,0.10000
0.80877,0.08301,0.00822,0.10000
0.86140,0.00545,0.03315,0.10000
0.86140,0.01099,0.02761,0.10000
0.86140,0.01653,0.02207,0.10000
0.86140,0.02207,0.01653,0.10000
0.86140,0.02761,0.01099,0.10000
0.86140,0.03315,0.00545,0.10000"
for CONC in $CONCENTRATIONS; do
  ../aiida_create_randomsupercell_structures.py -me $MATRIX_ELEMENTS -a $MATRIX_LATTICES -c $CONC -rdisp 0.15 -ns $NUM_REPEATS -spsh 3,3,3 -sg $SG $DR
  done
